-6.18797120353046,0.866042160545697
-1.91406886495736,5.25437260488327
6.05417294302986,1.64516049336072
-0.75045666249713,-0.257642652408815
-6.1008099702175,3.51552780739065
1.44687229730724,-2.48446895213497
1.43522482851094,-4.36913002594418
3.68632304356098,2.03671100120308
-1.40716305251596,-0.936243503447945
-0.49503168993775,3.31272956314954
-3.94825450882997,2.25856798892924
1.49479210863496,-0.902221209245099
0.377633344574649,-0.686706958452363
1.51051327509924,-4.39743031340158
-6.80879330658638,-3.27968617001372
3.46592875446961,-2.01189984324081
-6.22715189234463,-0.513415961218203
-0.964327634185026,2.31495924833503
4.68422360286456,0.14803850417276
1.17444897146045,8.13815750204921
2.06438123523479,1.97057504445054
1.08362891012975,-0.337760509781012
0.970589388887492,-6.79892982447141
4.06948610876705,3.51123395947231
0.338808371005886,-1.5853756320463
-2.58723162636411,-2.12553691661465
-0.0432029034846102,0.891139459587221
-5.08928374667447,-2.81714707068583
-0.314064689263334,-11.5639148599618
-2.22256059533426,0.703468276904045
2.51587752508122,2.51277786970448
5.89233033535241,3.31759252911059
-0.950438382528055,-0.0394646714724044
12.2564210637555,1.84025499975678
-4.05371041074605,6.10677810033942
-0.357539910845822,6.4604219413388
-1.18904317760884,-5.19650755822501
-3.3862694803966,2.83149578461822
2.32602099956862,2.63973313125404
1.96443529114598,-3.52817297635778
-0.877113851395522,0.707186899629843
-2.9404761098054,-1.61521036475761
2.28812360390511,5.53636247007364
-2.53434523540725,-3.29974409438636
-0.928355204689772,7.95925089782743
7.5254285565693,-6.94903211077601
2.936294740399,-1.45985576261987
-0.888727640370939,1.43017531203015
-1.5258376525994,4.5627768458472
4.35733925106863,2.57377079535064
8.62266198918937,-11.1007415793632
11.132751795293,-3.21412549593432
-3.62948030217938,5.15377624374482
9.88837432458069,-4.68671972147229
1.65145094251628,-1.02843997962223
-1.82154091418139,-4.07191822295574
0.368047993012395,-6.37627550801473
1.34060475268908,-3.0553487612234
1.97232333312094,3.69471183575918
1.26998873749599,0.529972904521599
4.19878316220103,3.46241652306278
-0.284468022233196,1.15003706354784
1.94471712733733,-2.49878185564095
2.81231395329985,0.895160783246114
-9.14979990038726,0.213590951139344
-4.08776608249442,5.29968725763701
5.80917721533973,0.703917430756232
0.547561091014277,0.00268815047783213
-5.16653496815579,1.00777387094237
-3.76191943239022,-3.54231801456531
-2.73998682067735,-7.05055826200273
5.6753009739123,0.376520231893447
-3.80193585748405,-2.09790728851117
-0.383675312637781,2.64208490724861
-6.55256708158569,3.20087188347147
-1.13550513050466,-0.142793976760978
0.442302294251689,-1.24203350945636
1.24044825728602,-6.25393687752937
-6.68995637758705,-3.43520371997271
2.57784530940787,-3.61343331358435
-5.23521827121745,-0.0218566537468062
-2.68523401173022,2.41798710677967
5.33863210816944,-1.02310913778086
1.21182607343448,8.09149363308996
1.94415164887195,1.34809015579069
1.55125978389095,-0.315580288816822
0.494419325907677,-6.77449874785579
4.21831780579428,3.29178295840695
0.338808371005886,-1.5853756320463
-2.58723162636411,-2.12553691661465
-0.0432029034846102,0.891139459587221
-5.08928374667447,-2.81714707068583
-0.314064689263334,-11.5639148599618
-2.22256059533426,0.703468276904045
2.51587752508122,2.51277786970448
5.89233033535241,3.31759252911059
