-0.40819348760059,-1.83997665324379
2.45478670728583,-1.04425113568036
-0.0389517484431852,1.93380743208798
0.629652783470834,-1.23928660255023
-2.92893563025153,1.54929048946514
-4.33443638923244,-1.15679305700089
-0.591813906861572,0.834570258867016
-0.799484025450944,-3.27434501918476
-0.0284134356152724,0.417356209466053
0.319716343646183,-0.728459463586026
1.47720843367456,1.83589217027144
1.4726405850319,-1.0783493068939
1.36708198889493,4.28163369595659
-3.90042801727787,2.37799419070754
2.38986118606765,1.4475019010285
-6.81769942357907,0.802113032555784
-1.02782695165431,-1.67296390683773
3.4700672284209,0.615795084683428
-0.650146493562287,-2.05739134050062
0.399384555185345,-3.60606510352604
2.06030306407921,2.01127398627592
-2.00013586007149,0.87008952772542
-0.780051292718891,-0.160031536946732
-0.108072010533106,2.06708611792647
-0.488823612816982,2.28362782035615
-1.96746778754399,5.5426591958396
3.20942482696105,-5.73016010769787
-4.23864750913579,1.67024408735226
-5.7241512006199,-2.29843459125608
4.68878967215223,3.84482779103669
1.02693264072101,-5.26575241450137
1.60548566726672,-0.705290774213525
-0.358949656258527,1.62796862494944
-0.928851585019947,-0.898161372306479
0.328293826790429,2.19364911892018
-0.803445217571655,-0.910836058239853
0.152812131225143,-2.12014305526557
-2.47997482120164,1.1056017721035
0.520503632204891,0.264453922435903
-0.156994639737906,-2.42527190284294
3.5456590970047,-3.49158724317819
1.33056618321485,-1.45576100796016
2.21813844936791,-2.13672402551167
1.40918056604954,-3.04132589763101
1.06591778929316,0.0966793690291675
4.34112959182547,1.19019067829136
5.8653405161945,-0.935250643615705
1.49237854607482,1.09071566694294
1.1847203474426,1.475316612266
1.54266113207663,3.06141212988277
1.10299066849352,1.01295834161195
1.8913804919581,1.74806875825039
2.29982639316097,5.41647211992934
0.20631388187007,0.230478025599492
-5.17096737309918,-0.583073044546852
-4.9542772245398,3.9485890625602
3.28661694403401,-1.84496676355823
2.61652785787934,-4.38175764578511
1.04050501774465,-0.44357895914448
-0.965568076984847,0.355941425629227
4.6357750390821,0.413738725374338
-1.1691492317327,-1.79632930296786
2.25026944546308,-3.06038605766378
0.445942874158003,0.716872435610057
0.283488050772581,-3.23804539460458
5.10017497922852,-1.39558995080736
-1.0606762186279,1.99612552148379
1.37591607563211,-0.946630453675105
-2.2061276076481,1.46779528753026
-5.20625464255823,1.20267209468562
0.662827537781855,1.54407731774124
-0.21984128023953,-2.6122136211336
-0.288910297838314,-0.763523245910805
-1.15128828278407,-0.70856083075729
1.6877008295845,2.22909874428311
0.888666988385049,-0.329550384861756
2.55323886430198,4.38614880632407
-2.45962979703172,0.308045902517505
2.43203984199562,1.53092692409969
-6.1520862737616,1.6214752061974
0.0770997507162012,-0.0169725700745488
3.65621742836975,0.135112495268237
-1.66919071026385,-3.54933803506051
-0.327975507375275,-3.48690346979966
1.11806895606261,2.7172978871481
-1.73419546367724,2.32716283792965
-0.28528662301345,-0.821730668159456
-0.435849130638553,0.984667021612878
0.223276218776784,1.53793748175483
-1.55673906929174,3.35402371179725
2.99011682987089,-6.64002171712598
-4.69579454440465,-1.21429770476181
-5.7774708397996,-3.02746938369541
4.72100261693519,3.26233565146574
0.979572927318913,-4.81056021001312
2.22796415168144,-0.476509417989646
