0.746084049100833,0.619413301692223
-0.621034267663523,-0.720910610036699
0.71702546285194,0.376690247898893
-0.747534534617874,-0.602355574893546
-0.667623068000805,0.645759483495377
0.496748176878187,-0.77195195537781
-0.733435228294658,-0.600781939239131
0.766862331461346,-0.749381805658609
-0.664278889363641,0.775779724539473
0.835199425684253,0.666080509807177
0.796899732174639,0.73963947873322
0.64276800129366,-0.608779186832529
-0.84590540527275,0.68747776006145
0.71349666179921,0.618554724407582
-0.818642117989148,-0.800418168783491
-0.636214310989559,0.856320486498654
-0.710413081281173,0.565874676359516
-0.728738955839702,0.721167261118499
0.624183719298984,-0.844547118507395
0.704170199996562,-0.726581061959415
0.54003130440865,-0.79877188435438
-0.628277889621777,0.796249287235103
-0.688679322991172,1.02490566820629
-0.777232593925055,0.725660187835749
-0.799173817691561,0.551432623904532
0.663525194338473,0.787885734122181
0.590141371821745,0.64876778092898
-0.588539452732594,-0.651788436225355
-0.492088633569526,-0.60651550833139
0.558428274435576,0.699914918029339
0.714023461329046,0.650051173070319
0.608343818157346,0.727739619780186
0.681255281613188,-0.781342600823909
-0.665649740814787,-0.672239629716076
0.60280745226662,0.622321883841721
0.757547315846271,-0.587201476403553
0.855933524961103,0.723184779992861
0.641699254462998,-0.640001443505102
0.667703375353065,-0.758235113306476
-0.962623693556983,-0.773889962839393
-0.85130670970992,0.638380542109939
-0.756825119792616,-0.746852883825815
-1.04356435173754,-0.64624075421591
-0.525551338538661,-0.690200755801383
0.802353297021498,0.673378620294092
-0.645279642289884,0.875403363398946
-0.66040012055491,-0.823710806262785
-0.780680570840603,0.568298413804577
-0.706307484496476,-0.965961667173134
0.629730908098068,-0.707085256101157
-0.714809634805365,-0.797200996343973
-0.677449144168989,0.647812698703034
0.655093469336975,0.679442406599401
0.769962503599882,0.782959719947662
0.724065682756854,0.635132136585518
-0.633565294235895,0.70192665283788
-0.666012100070006,-0.770488773318568
0.896368592511527,-0.73685419275242
-0.691710375600847,-0.759114993478565
0.69719312922602,-0.642469455121767
0.723771251326888,-0.676715614445432
-0.589926512954808,-0.661686576143506
-0.793666849409509,-0.710171372484129
-0.607044166399858,-0.710684864667771
