0.0441941738241592,-0.154679608384557
0.0816752343419812,-0.190651609590606
0.0401062302873755,0.0959307181788443
0.155821287630797,0.00360831760913885
0.140216868516478,0.0405280310855683
-0.0922937740411291,0.0687510619253118
-0.108899952808831,0.0785962279099371
0.0584551436372428,0.0132449211785284
-0.0975412607362388,-0.0129441738241592
0.0479615210424623,0.169741270838232
-0.0881137997178837,0.0620046169541787
0.0936570713088841,-0.00484996348898965
-0.0821474486505902,-0.0475333674788177
0.00364919446242803,0.0390191216036808
0.0270762354055851,-0.00931969709551741
0.0482112732283799,-0.0233401946514974
0.0441941738241592,0.0662912607362388
-0.0419321670617589,0.052964256403023
0.0144878722770465,-0.0744955488458575
0.0871550133974973,-0.0917082970495978
0.111214675691683,0.0309479384331815
0.0662948480448108,0.0683594455422071
0.161169944939869,0.00357768859869874
0.0390254720712062,0.0587728328151276
0.185929608384557,-0.0129441738241592
-0.0170676881295287,-0.0443286273258585
0.0539714115245698,-0.0629327648613282
0.095985053650954,-0.137393315037285
-0.18329476834407,-0.187262972649479
0.0121477239165529,-0.0656441732815536
-0.128640873901261,0.194825089437493
0.0560045756538227,0.0388850935444021
0.132582521472478,-0.0662912607362389
0.0231827665806011,0.115230464999216
-0.109611566680625,0.00264184525549792
0.01723721257791,0.0398909094141683
0.130309826780159,0.0166103165627501
0.0354004819170158,0.00966760458110235
-0.212706085142514,0.00278678334513193
-0.0761257168863048,0.0310870682315236
-0.0350412607362388,-0.0754441738241592
-0.00313209429152422,-0.0665816272313341
0.249186363152226,-0.0549992805609293
-0.0880503634329974,-0.0774726003633231
-0.125879246646047,-0.00960498016950068
0.106909305746279,-0.135194826476919
-0.156948573874155,-0.0008645186905063
-0.00585327230579757,0.107360414004937
-0.0441941738241592,-0.0220970869120796
0.0732979428331313,-0.113766888505587
-0.069982535883797,-0.0240770145884847
0.0686597756060253,-0.049694336058117
-0.028187980395046,0.0886904092151369
-0.0364981498362899,-0.119681518133029
0.10865939771484,0.0918159954428692
-0.105801980219462,-0.114328598919134
0.123429608384557,-0.0754441738241592
0.0127911799812728,-0.0993839348837218
-0.090043974958912,0.0559274284680787
-0.00368835544243311,-0.109157410322631
0.0377680730474328,0.0676246250011607
0.0811670650869698,-0.0420534110574379
-0.0432634829268058,-0.00786417835483261
-0.0871387998824503,-0.0384582315005241
0.0441941738241592,-0.154679608384557
0.0816752343419812,-0.190651609590606
0.0401062302873755,0.0959307181788443
0.155821287630797,0.00360831760913885
0.140216868516478,0.0405280310855683
-0.0922937740411291,0.0687510619253118
-0.108899952808831,0.0785962279099371
0.0584551436372428,0.0132449211785284
-0.0975412607362388,-0.0129441738241592
0.0479615210424623,0.169741270838232
-0.0881137997178837,0.0620046169541787
0.0936570713088841,-0.00484996348898965
-0.0821474486505902,-0.0475333674788177
0.00364919446242803,0.0390191216036808
0.0270762354055851,-0.00931969709551741
0.0482112732283799,-0.0233401946514974
0.0441941738241592,0.0662912607362388
-0.0419321670617589,0.052964256403023
0.0144878722770465,-0.0744955488458575
0.0871550133974973,-0.0917082970495978
0.111214675691683,0.0309479384331815
0.0662948480448108,0.0683594455422071
0.161169944939869,0.00357768859869874
0.0390254720712062,0.0587728328151276
0.185929608384557,-0.0129441738241592
-0.0170676881295287,-0.0443286273258585
0.0539714115245698,-0.0629327648613282
0.095985053650954,-0.137393315037285
-0.18329476834407,-0.187262972649479
0.0121477239165529,-0.0656441732815536
-0.128640873901261,0.194825089437493
0.0560045756538227,0.0388850935444021
