-0.309922212295338,0.385874085334326
0.372377029579724,0.476901132971664
0.256040546444956,0.0505259788297463
0.029100051118434,-0.297989730042155
0.151824706936639,-0.50382868164974
-0.481628358297317,0.405689543071015
-0.0631741956418104,0.123954565660752
-0.00838374928699577,0.0316870864891522
-0.281431642647143,-0.458727350661144
-0.50166567879052,0.32295708832264
0.214409202572708,-0.364403865245287
0.239277721676184,-0.229328778381486
0.852239926736023,0.0909591078580822
-0.155650323354954,0.198472139873789
0.307255313799693,-0.543467511019218
0.0823157856725853,0.314042061458252
0.0322782123878646,0.224678569710571
-0.237584954300508,0.16540830386428
-0.307767999919769,0.141177033001924
-0.585487032230451,0.0184632019824429
0.0053569413793234,0.26765541166162
-0.0538112476354368,-0.186192625009192
-0.462297882259097,0.0778007065462623
-0.121433801582124,0.176001874869042
0.0226808308027889,0.106153457888069
0.435310542201568,-0.552305007046244
0.031255287245839,-0.285718333469944
0.0585129724906978,1.04115856552015
0.207631317048981,-0.150969772516102
-0.198094101520851,0.380607614245118
-0.202546773668465,-0.343311324643878
0.0606483527410376,0.0637926014569461
30.6036133930756,-31.7122190642335
0.436955245777536,0.227168754680405
0.616926839897915,-0.67528374110581
0.0540299875886477,-0.0653194561438349
0.19755140162086,-0.0756589405886831
-0.212595367197089,0.538150968670505
0.26245441674068,-0.31501528380228
-0.424924409319233,-0.0561822193542491
0.160486510335857,0.442312537288453
0.260783497713829,-0.772242569254395
-0.0945177862728357,0.304021693924156
-0.0774517482835137,0.253391816413083
0.585761043804689,-0.462671570082909
-0.314269315927235,-0.595018665860245
0.466741455064183,-0.0268568117295756
-0.119282520000686,-0.157288296385475
-0.273004578768083,0.584265675144397
0.268331439077905,0.411560224695992
-0.0545997217675984,-0.266249050403619
-15.7853361917582,-1.7792062744706
-0.16363756445816,-0.0413321795733749
0.387338192393989,-0.130879640010643
0.249564569100071,0.0844545096361736
-0.000319160674947338,-0.00146290515038105
-4.74359211710228,-0.853575552169743
0.107363518803139,0.76652180601115
0.126739067920433,-0.133378141482714
-0.12668054214414,0.0133782088448362
0.270104465966604,-0.335522042299032
0.270633160523004,-0.908600618280872
0.387969389625132,0.0175147579620911
-0.0487471569752294,-0.488779418300908
-0.0404928222163942,0.197275388652711
-0.425327604427617,-0.562319252027109
-0.357257204484452,0.00453572252485127
0.0303154365338031,0.32447639028401
0.0452303317180488,0.217273436795077
0.439955296368363,-0.0532205008250524
-0.150769762259855,0.240104064726175
-0.382580975705994,-0.477174390181732
-0.290253544734107,0.735373107857764
-0.0566189903303779,-0.0370671478826757
-0.415266770188006,0.111961719477127
-0.644890280737162,-0.0108286685260077
0.101404442107831,-0.811517039352679
0.310736204646952,-0.128614496632219
-0.231054761131051,0.0611636233660515
-0.297947514264498,-0.0206765030988289
-0.3725135294722,0.766051803885374
0.124792614155304,-0.456269467486833
0.258157467132651,0.209992878442947
0.0731882442785945,0.190308406004907
0.107182255855381,-0.114427448620892
0.113621376295873,0.0738661454808758
0.609806651734099,-0.541501126789046
0.407187955350196,0.144328168946029
-0.159337899729128,-0.100937537283231
0.239171960685685,0.0696479854998074
-0.213944612674212,0.313906374766679
0.387416868388793,-0.0318444084291076
-0.0387685212484863,-0.622875754953556
0.091313586346308,-0.215972111087314
0.1459130661367,0.0771354424736115
-0.0517994971272515,0.13467714906977
