-0.118867514069659,0.115343602467914
-0.0399438763606143,-0.0323638402035347
-0.080267488977035,0.176736471392589
0.0919963673268056,0.188321922664167
-0.0252171691968433,-0.0836621660865037
0.0859108536651376,-0.0599826160280479
-0.10018030645865,0.0550790656394846
-0.0788673710310338,-0.00160895304711718
0.0188378566018393,0.121130157260364
0.0738026525645373,0.0638051318615368
0.110168445541749,0.0365969278432526
0.0152593228523485,-0.0207211333919312
0.0404677568454619,0.00460120946875589
0.00765193949571258,-0.0917997271150724
-0.0236020010552536,0.130188909153133
0.103983845396283,-0.0611182439573042
-0.0792096198341228,-0.183363814971298
-0.0166692212362852,-0.0759004177889989
-0.00433969945746541,-0.112421331953852
0.00192764640715706,0.0981079780859868
0.0644127827451013,-0.171840254262408
-0.0099814272360807,-0.169235057245702
-0.0615700468611882,0.128602535945932
0.0437337743151952,0.0821733108649297
0.108469259808659,-0.0388804859285896
0.012022743204161,-0.109110556526747
0.0848545053745451,0.0874597310134643
-0.123859715956896,0.0249251447896345
-0.0677729742939017,0.079891422856172
-0.0464000827108076,-0.0375422185333513
0.0186608282135682,-0.106147062292535
-0.00325079667782403,-0.0344170180467764
0.010829088682281,0.00828449043955995
-0.168229569369559,-0.00542088506470608
-0.0608611289182845,-0.100739285252311
-0.115934751675897,-0.0846142816234741
0.0469530395798074,0.146014183615443
-0.00838112931719431,-0.189856751597935
0.0910747298419457,-0.0190107334229304
0.0694533390958457,0.0215141672130039
9.21637528628998e-05,0.02703025436803
-0.00793971249755836,0.105001823487765
-0.00713434633187173,0.116490712612706
-0.00326423325518369,0.0108230208693391
0.108394736923919,0.00763237874069215
-0.154169367324068,-0.151823130115594
0.0387376638337726,0.000260438110848762
-0.0616403096924407,-0.115853780460181
0.114695829173746,-0.172742613258687
-0.0677241179375445,-0.0204113168158958
0.186481677099404,-0.0193012890921089
0.0233382637829239,0.101806516214173
0.0282279570690889,0.00448163028845428
-0.1514778600745,0.0206962646479694
0.140018150364949,-0.102827483811704
0.0672725277691899,-0.0285815345780858
0.0135593527781822,-0.0485110137895962
-0.0682483933385712,0.0753210128698829
-0.0709994916897979,0.0808298381398278
0.0812567449796863,-0.102762097631498
0.00982853178057193,0.193205824047533
0.029556883350029,-0.0690690852838404
0.0331112073054578,-0.00226240573499437
0.0579712439711807,0.0408504183388854
-0.114605560649837,0.0898135749548023
-0.0484210672829337,-0.0372982200075945
-0.0724200962215055,0.159675001311315
0.114258649147877,0.200556778568671
-0.0104450510696343,-0.0785022711348042
0.0872424757459535,-0.0421943967815319
-0.0924207130150417,0.075279920819059
-0.0648203263575037,0.0164310453324387
0.028771969478417,0.103989917381092
0.0674503872280373,0.0677365995423488
0.0892840899826271,0.0484659794210326
-0.00381534031868394,-0.0118423324952695
0.0493515183206557,0.0115976197128534
0.0193845206597771,-0.101139785553358
-0.0173212277402666,0.111381571781615
0.0887820002735049,-0.0636952205064917
-0.0870466420536313,-0.183281238376841
-0.00885017356012296,-0.0866094370460986
0.00237567693056929,-0.134763731455325
-0.0182207430776042,0.114075175835935
0.0571036709949287,-0.169322112172134
-0.0347761221602475,-0.163893101699913
-0.046983569862822,0.140474375262151
0.0605692078474488,0.0608300670735997
0.114153705434134,-0.0291719460146004
-0.00101959234565876,-0.112704527506524
0.0899656438839312,0.0675675975848346
-0.139111630910502,0.0300369857424068
-0.0542920501394227,0.0724772986041297
-0.0308252882747614,-0.0509359444341351
0.0217135065451814,-0.113006806306435
0.00576367529039038,-0.0209635741674584
