0.167996000696445,0.00988211768802619
-0.0729802797530428,0.113128404062028
0.123867707630829,-0.157419248255773
0.0361142240092842,-0.0606407654827344
-0.012544070060677,0.0543997316297952
-0.0645723318612578,0.0888761982638189
-0.0523781323644133,-0.0369092985219008
-0.0437472095304485,0.0427961333280928
-0.082653647243234,-0.0809581438979028
0.0343973735273766,0.00785464676668622
-0.0362398019993112,-0.0260114044282378
-0.0253777748374367,0.129814708009602
0.0356527932467248,-0.1142400036025
0.0284255441256691,-0.124909597952249
0.000766447373838623,0.192014440109111
0.0262440914087158,1.92999974833047e-06
0.138349647632367,-0.0592927061281571
0.0951629119528991,0.0509384772399285
-0.0538936475022999,-0.00314487501089557
-0.0958007951359384,0.0693144314888686
0.0133377138556075,0.160708750875468
0.146791753237557,-0.180533686439352
-0.066442753446541,0.203800459873636
-0.062415862188028,0.0764737971074075
-0.0383295688390966,0.0202608368083754
-0.0276674312638907,-0.137675782118182
-0.145543040651338,0.0503237812518612
-0.0591891152048643,-0.0123471008574402
0.00149474612058875,-0.00367572086223136
-0.0211408566304596,-0.0882248928548265
0.00580623019205643,0.147341551764926
-0.0208089182816271,-0.0458780169188637
0.0494105884401309,-0.0889390591922357
0.0899642227655352,0.0095301097319594
-0.0394234700594258,0.0237486386395105
0.164745809175343,0.0667543708991042
0.0101462662346607,0.00588617736300792
0.200535509161147,-0.20257850924149
0.00616751010599563,-0.0454799190478281
0.124769782200058,-0.149295871980909
0.0431251764911292,0.100722379273955
0.199622548536196,0.0163449679060319
0.105147584666744,0.00892535796477549
-0.0193641939961336,-0.0411158928250812
-0.128685159610308,-0.0790181406027152
-0.139980352258494,-0.0594514780600408
0.0196209569131295,-0.0166973787475594
0.0199826018358176,0.00950495902951891
0.0395284707521047,-0.256935059888681
0.0125831912802352,-0.0319978920895088
0.00219586730167671,0.215872426131368
-0.00406929817126046,-0.00794871643438624
0.0681170314746183,0.0952331061485664
0.0177222134511763,0.104329562708914
0.0567516762674639,-0.051945516103763
-0.0163037784732115,0.0416035625787664
-0.0802558434172176,0.118088810823991
-0.117066954599395,-0.0975886576990878
-0.114225082395294,0.0458192067158106
0.0588428435985008,-0.00887239385622821
-0.0665762627654245,0.117876923563237
-0.0655692956544138,0.0576164807501125
0.0297080649584702,0.0822173096986357
-0.0836224064087707,0.0479487489229539
0.167996000696445,0.00988211768802619
-0.0729802797530428,0.113128404062028
0.123867707630829,-0.157419248255773
0.0361142240092842,-0.0606407654827344
-0.012544070060677,0.0543997316297952
-0.0645723318612578,0.0888761982638189
-0.0523781323644133,-0.0369092985219008
-0.0437472095304485,0.0427961333280928
-0.082653647243234,-0.0809581438979028
0.0343973735273766,0.00785464676668622
-0.0362398019993112,-0.0260114044282378
-0.0253777748374367,0.129814708009602
0.0356527932467248,-0.1142400036025
0.0284255441256691,-0.124909597952249
0.000766447373838623,0.192014440109111
0.0262440914087158,1.92999974833047e-06
0.138349647632367,-0.0592927061281571
0.0951629119528991,0.0509384772399285
-0.0538936475022999,-0.00314487501089557
-0.0958007951359384,0.0693144314888686
0.0133377138556075,0.160708750875468
0.146791753237557,-0.180533686439352
-0.066442753446541,0.203800459873636
-0.062415862188028,0.0764737971074075
-0.0383295688390966,0.0202608368083754
-0.0276674312638907,-0.137675782118182
-0.145543040651338,0.0503237812518612
-0.0591891152048643,-0.0123471008574402
0.00149474612058875,-0.00367572086223136
-0.0211408566304596,-0.0882248928548265
0.00580623019205643,0.147341551764926
-0.0208089182816271,-0.0458780169188637
