-0.972053004319759,1.1031342170212
0.269918738960595,-0.906453802007588
0.93218469837805,-0.853392875718449
-0.961468270347204,1.02925786352607
-1.01206819128948,0.973160626541386
-0.929082315131212,-0.344873260885587
-0.216924485371241,-0.27225627678021
-0.937424371204551,-0.800063354229318
-0.91688840139776,0.853857294176778
1.0228717752415,-0.230598870027304
-0.341875022600004,0.375356848346492
0.178695765295613,0.904517044370998
-0.4151562167257,-1.06627194265545
-0.299901996228976,-0.870881865449732
-0.86927323864151,0.932977056866485
-0.920073669872051,0.947436818950209
-0.887891260491235,0.315107377023922
0.994888728780154,0.355367297398061
-0.944560231242274,-0.385977284552239
0.388673492897648,0.340726179011389
0.393651807770979,0.471228654490196
0.280101375278421,-0.30616227394174
-0.267858591260218,-0.280756423952553
-0.984629844786621,-0.329307132069024
-1.07137595749233,-0.387649324353326
0.964364903869466,0.9273848780763
0.416502592459719,0.940729968399933
-0.360380479873858,0.311416026253513
-0.308146744929533,-0.358906943733452
0.908017546291679,-0.966444888253737
0.331138575415318,-0.996794788399097
-0.934608434267524,-0.85951768088719
0.864485483783205,-0.436434746659888
0.888947618273975,0.264047154177651
-0.345358662131938,-0.914232330077494
0.346080755018145,-1.02541214829318
-0.33014962889352,-0.995523669394766
-0.865836118379985,-1.07926262767075
0.902833015682781,-0.916837696646568
0.860055485739101,0.376200367501014
-0.145220568534882,0.314917359982901
0.462682021501793,0.847537498402223
0.26853246367379,-0.336055716003854
0.442337488345083,-0.314109310955082
-0.935281762078898,-0.91057916215253
-0.9114352062359,-0.327755358813905
-0.80544937431324,0.80981491866651
0.926160186227892,0.303823666840983
-1.01679589773572,0.327701682637635
-0.268039705571023,-1.02533172914615
0.394500842203942,-0.982451497886617
1.09674328403229,0.950747428936334
-0.308215690431874,0.273219537691415
-0.864984456281271,-0.257319101243031
-0.374399049287842,-0.292068564953296
0.240098959347469,-0.341735933780443
-0.840901686329444,0.37030993163682
-0.40922189947756,-0.453322842964185
0.23613535851731,0.25164623271094
-0.955725381581625,1.01691443397028
0.934623849628799,-0.215883458333007
0.331069374006263,-0.377506889276615
-0.294853883403394,0.881603602466676
-1.04764386077944,-0.990589619931833
