-0.00248137406151078,0.00905229717789789
0.00328120993433172,-0.0028927247423551
-0.00352770074515805,0.00600945922745208
-0.01114042282839,-0.00385234946470455
-0.00345286211531648,0.012490323094534
-0.00405252788520193,0.00861115622323368
0.00145117415678072,-0.00495169290173009
-0.00363042814254574,0.0132011848920613
0.00729187339331839,-0.00201668039578316
-0.0148365095059592,0.00582119263800655
0.00280729391056314,0.00128371870528656
-0.00384098175093439,-3.51641652133228e-05
0.00696138146541636,0.0146574432425185
0.00049251085755089,-0.0111040140177907
0.0117768956126051,-0.0109512223034121
-0.0029482094255464,0.00585924516068045
-0.0022914405930623,-0.0156141765299943
0.00342984502085432,0.00592978709946746
0.00760287023517805,0.00943257882569608
-0.00871751851479497,-0.0107271848459063
-0.0191250585249443,-0.000234736704419343
-0.00137419277356845,-0.00432119905491743
0.00179634966451977,0.00673103297621515
0.0109926531528215,-0.00457021987645694
-0.00188141972274922,0.00580084596490959
0.000662611978169976,-0.00551589364179065
0.00483872464294753,0.0077754540567987
-0.0044634669182331,0.00269055038884507
-0.0073178890522205,-0.0085584107237725
-0.00165931055427744,-0.00830732111337038
-0.0128218250902015,0.00040882715416787
0.00364845896980579,-0.0142753414349064
0.992520765556511,0.00660883656083123
-0.0112266382602209,0.0106554229255856
0.000422478786180664,0.0047728659898043
0.0034525421958607,-0.0082811831326392
-0.00169258510349967,0.00173555491603586
0.00383145479403224,0.016149255342484
0.0054428195013235,0.00907652709458522
0.00492095024255016,0.00393895594974048
-0.00150053656631462,0.0063083733007205
0.00191497998691455,0.00969525907341913
-0.00398566706494841,0.00138618516538277
0.010895274946354,-0.000768713703340119
-0.00519595444804969,-0.0019469443565636
-0.00831788080571919,0.00116575494637075
-0.00451904412214932,-0.00167632203781163
-0.00501040265711758,-0.00551453087575053
-0.0092271359663833,-0.00670923180531612
-0.00921555407889105,0.00438690308104621
0.0124804179563627,-0.00407833681684585
0.000484491863600108,-0.00679237345102121
-0.0066667123038337,-0.00989677135737486
0.0077011863332636,-0.00991285068343117
-0.00691698995411523,0.00495517099602963
0.0110724053406603,-0.00262733760109549
-0.00210465136984527,0.0044676161480717
-0.00554728071203359,0.00877142968027549
0.00952844797967011,-0.00192567888243493
-0.00402488747491322,0.00523550180545666
6.45502092422614e-05,0.0208997309574045
0.00524782926272581,-0.00242030496735679
0.00209564335171578,0.00323034435008179
-0.0046119425068919,-0.00220456430774265
-0.0152008590756095,0.00806087727470063
-0.00564435468492461,-0.0028883628379978
0.00492550000224421,-0.00301054308682172
0.0077683680121277,0.00478464089516724
0.00177270831453724,-0.000156987118621885
0.00669086431860037,-0.00494094287980946
0.00232971117302553,-0.0156376556348521
0.0104807325009909,-0.0101604236635402
0.0108190540562262,-0.0039018581845607
-0.00420971290833376,0.00568916217482719
0.000145499907887806,0.00504406805681611
0.0043393352603828,0.00394176568969007
0.00926160092260139,0.00741767994846479
0.00106558663820101,-0.00143883440297709
-0.00371548374851343,0.00275375339863744
-0.000215813627106787,-0.000446394621038107
-0.00961992170624992,0.00324204350793677
-0.00384083075847637,-0.00133872776991589
-0.00620315025698279,0.00745340808985094
0.00131567628190625,-0.0112705052711447
-0.00176186967890882,0.0170457209173028
0.00826811634851323,-0.001950400022433
0.00141762712826388,-0.00889195451220037
-0.00818058125371825,-0.0082635361848139
0.00317009110777648,-0.000297829763112728
-0.00718232596081263,0.00939493291829025
0.00149617772994783,-0.00680772274414896
0.0176471372228309,0.00302404001189257
-0.0031584114356138,-0.00595949903971954
0.00145539647279637,0.00688975331350055
0.00826918882260992,-0.00398134143969122
-0.00732579498847492,-0.00575556870528266
